[gd_scene load_steps=6 format=3 uid="uid://d3o7riajla512"]

[ext_resource type="PackedScene" uid="uid://d1gunjkbicne3" path="res://world/floor/temp_floor.tscn" id="1_6ev0s"]
[ext_resource type="Texture2D" uid="uid://cjbsq7rk6r3h4" path="res://temp_art/gartic/cactus.png" id="2_p5u37"]
[ext_resource type="Texture2D" uid="uid://sxaysn4gqoxo" path="res://temp_art/gartic/coin.png" id="3_p5u37"]
[ext_resource type="Texture2D" uid="uid://ccalgafhbfwhn" path="res://temp_art/gartic/raccoon_with_gun.png" id="4_wceyb"]

[sub_resource type="CylinderShape3D" id="CylinderShape3D_plfsl"]
height = 1.85699
radius = 0.669922

[node name="ExampleScene" type="Node3D"]

[node name="World" type="Node3D" parent="."]

[node name="Floor" parent="World" instance=ExtResource("1_6ev0s")]
transform = Transform3D(1, 0, 0, 0, -4.37114e-08, 1, 0, -1, -4.37114e-08, 0.0301347, 4.76837e-07, -0.00351143)
polygon = PackedVector2Array(-8, -5, -8, 5, 17, 4, 17, -5)

[node name="Cactus" type="Sprite3D" parent="World"]
transform = Transform3D(1, 0, 0, 0, 0.866025, 0.5, 0, -0.5, 0.866025, -6.08085, 1.35212, -2.54946)
texture = ExtResource("2_p5u37")

[node name="Cactus2" type="Sprite3D" parent="World"]
transform = Transform3D(1, 0, 0, 0, 0.866025, 0.5, 0, -0.5, 0.866025, 4.52835, 1.35212, 2.91099)
texture = ExtResource("2_p5u37")

[node name="Cactus3" type="Sprite3D" parent="World"]
transform = Transform3D(1, 0, 0, 0, 0.866025, 0.5, 0, -0.5, 0.866025, 14.5163, 1.35212, -2.19461)
texture = ExtResource("2_p5u37")

[node name="Coin" type="Sprite3D" parent="World"]
transform = Transform3D(1, 0, 0, 0, 0.866025, 0.5, 0, -0.5, 0.866025, 11.5831, 1.00557, 0.341141)
texture = ExtResource("3_p5u37")

[node name="Enemy" type="CharacterBody3D" parent="."]
transform = Transform3D(1, 0, 0, 0, 1, 0, 0, 0, 1, 8.89589, 0, -2.19164)

[node name="CollisionShape3D" type="CollisionShape3D" parent="Enemy"]
transform = Transform3D(1, 0, 0, 0, 1, 0, 0, 0, 1, 0, 0.94693, 0)
shape = SubResource("CylinderShape3D_plfsl")

[node name="Sprite3D" type="Sprite3D" parent="Enemy"]
transform = Transform3D(1, 0, 0, 0, 0.866025, 0.5, 0, -0.5, 0.866025, 0, 1, 0)
texture = ExtResource("4_wceyb")
