[gd_scene load_steps=8 format=3 uid="uid://d3o7riajla512"]

[ext_resource type="PackedScene" uid="uid://cr05xakri7lnw" path="res://world/floor/floor_gen.tscn" id="1_plfsl"]
[ext_resource type="Texture2D" uid="uid://cjbsq7rk6r3h4" path="res://temp_art/gartic/cactus.png" id="2_p5u37"]
[ext_resource type="Texture2D" uid="uid://sxaysn4gqoxo" path="res://temp_art/gartic/coin.png" id="3_p5u37"]
[ext_resource type="PackedScene" uid="uid://dxdkwdigtcn43" path="res://world/enemy/test/enemy_test.tscn" id="4_wceyb"]
[ext_resource type="PackedScene" uid="uid://nuqmhgq1e2lu" path="res://world/player/player.tscn" id="5_plfsl"]

[sub_resource type="Curve3D" id="Curve3D_plfsl"]
closed = true
_data = {
"points": PackedVector3Array(0, 0, 0, 0, 0, 0, -8, 0, -4, 0, 0, 0, 0, 0, 0, 18, 0, -4, 0, 0, 0, 0, 0, 0, 18, 0, 6, 0, 0, 0, 0, 0, 0, -8, 0, 6),
"tilts": PackedFloat32Array(0, 0, 0, 0)
}
point_count = 4

[sub_resource type="CapsuleShape3D" id="CapsuleShape3D_plfsl"]

[node name="ExampleScene" type="Node3D"]

[node name="World" type="Node3D" parent="."]

[node name="Floor" parent="World" instance=ExtResource("1_plfsl")]
curve = SubResource("Curve3D_plfsl")

[node name="Cactus" type="Sprite3D" parent="World"]
transform = Transform3D(1, 0, 0, 0, 0.866025, 0.5, 0, -0.5, 0.866025, -6.08085, 1.35212, -2.54946)
texture = ExtResource("2_p5u37")

[node name="Cactus2" type="Sprite3D" parent="World"]
transform = Transform3D(1, 0, 0, 0, 0.866025, 0.5, 0, -0.5, 0.866025, 4.52835, 1.35212, 2.91099)
texture = ExtResource("2_p5u37")

[node name="Cactus3" type="Sprite3D" parent="World"]
transform = Transform3D(1, 0, 0, 0, 0.866025, 0.5, 0, -0.5, 0.866025, 14.5163, 1.35212, -2.19461)
texture = ExtResource("2_p5u37")

[node name="StaticBody3D" type="StaticBody3D" parent="World"]
transform = Transform3D(1, 0, 0, 0, 1, 0, 0, 0, 1, 0.38925886, 0.84841657, 0)

[node name="CollisionShape3D" type="CollisionShape3D" parent="World/StaticBody3D"]
shape = SubResource("CapsuleShape3D_plfsl")

[node name="Coin" type="Sprite3D" parent="World/StaticBody3D"]
transform = Transform3D(1, 0, 0, 0, 0.866025, 0.5, 0, -0.5, 0.866025, 0, 0, 0)
texture = ExtResource("3_p5u37")

[node name="EnemyTest" parent="." instance=ExtResource("4_wceyb")]
transform = Transform3D(1, 0, 0, 0, 1, 0, 0, 0, 1, 9.249423, 4.7683716e-07, -2.0285115)
script = null

[node name="Player" parent="." instance=ExtResource("5_plfsl")]
transform = Transform3D(1, 0, 0, 0, 0.99979687, -0.020157188, 0, 0.020157188, 0.99979687, -2.5263681, -0.040326357, 0.95816326)
walk_speed = null
roll_speed = null
roll_duration = null
roll_influence = null

[node name="DirectionalLight3D" type="DirectionalLight3D" parent="."]
transform = Transform3D(0.92473876, -0.25272667, 0.28458285, 0, 0.74771696, 0.66401756, -0.3806024, -0.61404276, 0.69144285, 0, 0, 0)
